# R script for Peak Model
#  -- generated by MACS
p <- c(0.0405969433738,0.0474586590876,0.0543018796107,0.0611266049433,0.0680253110382,0.0683397292785,0.0686726427094,0.0685616715657,0.0681362821819,0.0684691956127,0.0671190466987,0.0671375418893,0.066638171743,0.0663237535028,0.0667491428866,0.0666751621242,0.0660833160249,0.0658428785471,0.0659353545001,0.0666936573148,0.0675074457014,0.0673779793671,0.0682657485161,0.0688206042342,0.0682472533255,0.0681547773725,0.0687096330906,0.0695974022395,0.0691165272838,0.0677293879886,0.0673779793671,0.0680438062288,0.0671560370799,0.0667121525054,0.066453219837,0.0668786092209,0.0662497727403,0.0653989939726,0.0656024410692,0.0661942871685,0.0664162294558,0.0659353545001,0.06654569579,0.0668601140302,0.0666566669336,0.0662312775497,0.0671190466987,0.0671005515081,0.0670265707457,0.0682102629443,0.0681362821819,0.0682472533255,0.067710892798,0.0677663783698,0.0680253110382,0.0680807966101,0.0676739024168,0.0681362821819,0.0688575946154,0.0672115226517,0.066730647696,0.0662682679309,0.0662682679309,0.066453219837,0.0668046284584,0.0672300178423,0.0673594841765,0.0671190466987,0.0669340947927,0.0669525899833,0.0669525899833,0.067803368751,0.0671560370799,0.0670820563175,0.0669340947927,0.0662867631216,0.0661572967873,0.0661018112155,0.0666566669336,0.0673409889859,0.0680253110382,0.0670265707457,0.068876089806,0.0689315753778,0.0682102629443,0.0686726427094,0.0691165272838,0.0695234214771,0.068968565759,0.0689870609496,0.0690425465214,0.0689500705684,0.0687466234718,0.0683397292785,0.0688575946154,0.0687096330906,0.0675629312732,0.0674704553202,0.0679143398946,0.067803368751,0.0683212340879,0.0687096330906,0.0677478831792,0.0676739024168,0.0674149697483,0.0671930274611,0.0686726427094,0.0685616715657,0.0685061859939,0.0690980320932,0.0686541475187,0.0685986619469,0.0689315753778,0.0696528878113,0.0706701232945,0.0711509982502,0.0706701232945,0.0707810944381,0.0697268685737,0.0695049262865,0.0694124503335,0.0696713830019,0.0699673060516,0.069153517665,0.067988320657,0.0678403591322,0.0676739024168,0.0675814264638,0.0683767196597,0.0677848735604,0.0673409889859,0.0673964745577,0.0673224937953,0.067895844704,0.0681177869913,0.067895844704,0.067525940892,0.0680068158476,0.0685061859939,0.0685431763751,0.0689500705684,0.0687466234718,0.0682472533255,0.0681917677537,0.0687466234718,0.0682842437067,0.0693569647617,0.0690980320932,0.0684322052315,0.0686911379,0.0684322052315,0.0687281282812,0.0691350224744,0.0685801667563,0.0691165272838,0.0701892483388,0.0693939551429,0.0687466234718,0.0686726427094,0.0691905080462,0.0695234214771,0.0698193445267,0.0695419166677,0.0698933252892,0.0698748300986,0.0698008493361,0.0698378397173,0.0703742002448,0.0700227916234,0.0690055561402,0.0684507004221,0.0680253110382,0.0673224937953,0.0668416188396,0.0664347246464,0.0659723448813,0.0659723448813,0.0657319074035,0.0660833160249,0.0668046284584,0.0666566669336,0.0667676380772,0.0683397292785,0.0690425465214,0.069153517665,0.0696158974301,0.069061041712,0.0700967723858,0.0704666761979,0.0701892483388,0.0706516281039,0.07022623872,0.0695789070489,0.0698378397173,0.0698748300986,0.0690240513308,0.0697453637643,0.0692829839993,0.0694679359053,0.069153517665,0.0693754599523,0.0700597820046,0.0698008493361,0.0701152675764,0.0700227916234,0.0709660463441,0.0711325030596,0.071483911681,0.0716503683965,0.0726860990702,0.0727785750232,0.072649108689,0.0729450317387,0.07237168083,0.0718908058743,0.0717428443495,0.0716503683965,0.0709290559629,0.0710770174878,0.0708735703911,0.0704851713885,0.0699118204798,0.0691720128556,0.0689500705684,0.0695049262865,0.0696158974301,0.0695234214771,0.0698008493361,0.0700597820046,0.0697083733831,0.070133762767,0.0703742002448,0.071114007869,0.071483911681,0.0713544453468,0.0710955126784,0.0710585222972,0.0708920655817,0.0702077435294,0.0708365800099,0.0705406569603,0.0714099309186,0.072556632736,0.0729820221199,0.072649108689,0.0729450317387,0.0732224595977,0.0732039644071,0.0732779451695,0.0728525557857,0.0734628970756,0.0734998874568,0.0727970702138,0.0715209020622,0.0719647866367,0.0720757577803,0.0725381375454,0.0737033345534,0.0743136758433,0.074887026752,0.0752199401829,0.0751089690392,0.0752754257547,0.0766625650499,0.0770509640526,0.0769214977183,0.0766625650499,0.0759967381882,0.0755158632325,0.0754048920889,0.0748315411802,0.0756638247573,0.0753124161359,0.0758117862822,0.0756638247573,0.0753679017077,0.0759042622352,0.07605222376,0.0763851371909,0.0768845073371,0.0778647524391,0.0773468871022,0.0778092668673,0.0768290217653,0.0768845073371,0.0779202380109,0.0782531514418,0.0791039302095,0.0795848051652,0.0792149013531,0.0787155312068,0.0781236851075,0.0786230552538,0.0791039302095,0.0801026705021,0.0794923292122,0.0792703869249,0.0790854350189,0.0788634927317,0.0789929590659,0.0790854350189,0.0808609733168,0.0818967039906,0.0828769490925,0.0833393288576,0.0857991892078,0.0887584197043,0.0920320684411,0.0952132412248,0.0973216929536,0.100021990782,0.101242673361,0.102500346322,0.104849235529,0.106957687258,0.108326331362,0.10854827365,0.10762351412,0.106624773827,0.106513802683,0.107124143973,0.107845456407,0.107993417932,0.107253610307,0.106772735352,0.106273365205,0.105718509487,0.106328850777,0.10703166802,0.10854827365,0.108289340981,0.107715990073,0.107808466026,0.107549533357,0.10795642755,0.108955167843,0.108733225556,0.109325071655,0.11008337447,0.110231335995,0.110231335995,0.11132255224,0.112265806961,0.113375518397,0.113800907781,0.1137639174,0.114873628836,0.113893383734,0.112802167488,0.112487749248,0.112820662679,0.1131720713,0.113431003969,0.114041345259,0.113967364496,0.113671441447,0.113893383734,0.114651686549,0.116334748894,0.116612176753,0.116908099802,0.11683411904,0.117019070946,0.116686157515,0.117481450711,0.117222518043,0.11744446033,0.117407469949,0.116871109421,0.116871109421,0.11622377775,0.115539455698,0.115151056695,0.114855133645,0.113819402972,0.114448239452,0.114670181739,0.11437425869,0.11470717212,0.115021590361,0.116482710418,0.117278003614,0.117499945902,0.118517181385,0.118905580387,0.118831599625,0.118480191004,0.118646647719,0.118498686194,0.119183008246,0.118831599625,0.11929397939,0.119515921677,0.119682378393,0.12020024373,0.121309955166,0.121883306075,0.121994277218,0.121827820503,0.122142238743,0.122475152174,0.122216219505,0.122882046367,0.123381416513,0.124454137568,0.123973262613,0.123695834754,0.124121224137,0.124842536571,0.125323411527,0.125193945192,0.126544094106,0.12696948349,0.126895502728,0.12663657006,0.127431863255,0.128449098739,0.129299877506,0.129188906363,0.128560069882,0.129318372697,0.129262887125,0.1297067717,0.130465074514,0.130853473517,0.131075415804,0.131426824426,0.13277697334,0.134201103016,0.135014891403,0.134977901022,0.135606737502,0.135884165361,0.136882905654,0.136808924891,0.136568487413,0.137049362369,0.136956886416,0.136956886416,0.13830703533,0.139305775623,0.138732424714,0.13921329967,0.138676939142,0.140286020725,0.140822381252,0.139768155388,0.140544953393,0.141858111926,0.142653405122,0.143319231984,0.143966563655,0.14444743861,0.145094770281,0.144798847232,0.146481909577,0.14751764025,0.147906039253,0.147980020015,0.14659288072,0.147591621013,0.148146476731,0.148460894971,0.14871982764,0.148793808402,0.148442399781,0.149256188167,0.149848034266,0.150495365938,0.151845514852,0.152548332094,0.153251149337,0.153584062768,0.154157413677,0.155711009688,0.156321350977,0.15700567303,0.156598778837,0.156413826931,0.157893442179,0.158577764231,0.159114124759,0.159872427573,0.160186845814,0.161241071678,0.161481509156,0.161980879302,0.16283165807,0.1637564176,0.163774912791,0.16468117713,0.165642927041,0.165402489564,0.167196523052,0.167473950911,0.169027546922,0.169804344927,0.170692114076,0.172005272609,0.1720237678,0.171505902463,0.171986777418,0.174317171434,0.173725325335,0.174835036771,0.17511246463,0.176314652019,0.177202421168,0.177516839409,0.17879300756,0.179125920991,0.180032185331,0.179902718996,