# R script for Peak Model
#  -- generated by MACS
p <- c(0.0195326364733,0.022882356073,0.0261211578051,0.0294376020444,0.032476751615,0.0322881912402,0.0323325583872,0.0325322105487,0.0324656598282,0.0326764037765,0.0322881912402,0.0322549158799,0.0321883651594,0.0321439980124,0.0327318627103,0.0330424327394,0.0327207709235,0.0326653119898,0.0331866259672,0.0328427805778,0.0330757080997,0.0329536984454,0.0328205970043,0.0326320366295,0.0321772733726,0.0315672251012,0.0320552637183,0.031800152623,0.0314452154469,0.0314784908071,0.0313453893661,0.0315006743806,0.0316670511819,0.0316670511819,0.0313564811528,0.0317446936892,0.0316226840349,0.0316559593952,0.0317668772627,0.0319998047846,0.0320774472918,0.0318667033435,0.0316892347554,0.031888886917,0.0321550897991,0.0318777951303,0.0318667033435,0.0318777951303,0.0319554376375,0.0318999787038,0.0317446936892,0.0319443458508,0.0320219883581,0.0323436501739,0.032609853056,0.0328095052176,0.0328538723646,0.0330202491659,0.0333419109818,0.0337744906652,0.0339408674665,0.0338854085327,0.0339297756797,0.033419553489,0.033330819195,0.0334861042096,0.0334750124228,0.0335970220771,0.0333419109818,0.0330202491659,0.0329647902321,0.0329093312984,0.0329536984454,0.033242084901,0.0329647902321,0.0328205970043,0.0325543941222,0.0323547419607,0.032609853056,0.0323769255342,0.0328982395116,0.0328095052176,0.0331200752467,0.0330424327394,0.0332975438347,0.0330978916732,0.0333086356215,0.0329980655924,0.0328427805778,0.0329536984454,0.0325876694825,0.0326320366295,0.0323214666004,0.0323880173209,0.0323547419607,0.0325322105487,0.0325433023355,0.0326431284163,0.0326431284163,0.0328649641513,0.0326764037765,0.0327207709235,0.0325876694825,0.0325543941222,0.0328205970043,0.0330867998864,0.033375186342,0.0337855824519,0.034007418187,0.0338410413857,0.0339519592532,0.0340739689075,0.0346951089657,0.0350611379286,0.0353717079577,0.0351276886491,0.0346507418187,0.0346507418187,0.0342736210691,0.0342958046426,0.0343290800028,0.0340185099737,0.0337523070916,0.0333973699155,0.0329536984454,0.0330535245262,0.033286452048,0.033242084901,0.0333086356215,0.0331644423937,0.0332309931142,0.0335637467168,0.0337412153049,0.0340406935472,0.033918683893,0.0338410413857,0.033918683893,0.034051785334,0.0343290800028,0.0343068964293,0.0341959785618,0.0345952828849,0.0346396500319,0.0344621814439,0.0346174664584,0.0349724036346,0.0348836693405,0.0346729253922,0.0344510896571,0.0344289060836,0.0347062007525,0.0343845389366,0.034051785334,0.0334750124228,0.033419553489,0.0331755341805,0.033242084901,0.0333862781288,0.0334417370625,0.0338188578122,0.0339408674665,0.0343290800028,0.0347505678995,0.0350944132888,0.0352053311564,0.0352164229431,0.0353717079577,0.0357821040676,0.0361481330305,0.0361148576702,0.0360926740967,0.0359041137219,0.0355491765458,0.0357488287073,0.0358930219351,0.0366139880741,0.0366250798609,0.0365696209271,0.036259050898,0.036170316604,0.036170316604,0.0360372151629,0.0364032441258,0.0365141619933,0.0363810605523,0.0356822779868,0.0361481330305,0.0359928480159,0.036259050898,0.0363810605523,0.0363256016185,0.0363810605523,0.0364365194861,0.0366472634344,0.0369578334635,0.03693564989,0.0364808866331,0.0361481330305,0.0361481330305,0.0368025484489,0.0367581813019,0.0369911088237,0.0368136402357,0.0367359977284,0.037068751331,0.0374902392277,0.0378562681905,0.0379006353375,0.037656616029,0.0372018527721,0.0374015049336,0.0369578334635,0.0370354759708,0.0368358238092,0.0365585291403,0.036347785192,0.0361370412437,0.0366694470079,0.0372573117058,0.0375346063747,0.0374236885071,0.0378229928303,0.0377564421097,0.0379560942713,0.0378008092568,0.0378229928303,0.0380559203521,0.0381779300064,0.0382222971534,0.0386216014765,0.0390430893732,0.0392649251083,0.0395976787109,0.0404739298644,0.040673582026,0.0410285192021,0.0413058138709,0.0411616206431,0.041350181018,0.0409286931213,0.0410507027756,0.0410839781359,0.0414056399517,0.0410507027756,0.0414056399517,0.0415165578193,0.0414610988855,0.0417494853411,0.0410950699226,0.0414056399517,0.0414500070987,0.0415609249663,0.0418714949954,0.0419713210762,0.0425037268403,0.042337350039,0.0423928089728,0.0426701036417,0.0434908958614,0.0437127315965,0.0441231277064,0.0445113402428,0.0442784127209,0.0447442677646,0.044411514162,0.0451657556612,0.0455317846241,0.0455872435579,0.0455096010506,0.0453986831831,0.0449106445659,0.0450215624334,0.0455761517711,0.0455761517711,0.045986547881,0.0460863739618,0.0460420068148,0.0464634947114,0.0466853304465,0.0471179101299,0.0477612337616,0.0480828955775,0.0479165187762,0.0483047313126,0.0483047313126,0.0481716298715,0.0490811563853,0.0489702385178,0.0497910307376,0.0501348761269,0.0503345282885,0.051033310854,0.0517320934195,0.05179864414,0.0526416199333,0.0530631078299,0.052519610279,0.0533625860723,0.0527747213743,0.0534845957266,0.0543386633066,0.0544828565344,0.0550152622986,0.0555143927025,0.0558249627316,0.0563795520693,0.0575220061049,0.0582873393909,0.0595518030809,0.0595850784411,0.0603393199404,0.0606831653297,0.0612599382409,0.0620918222475,0.0625354937176,0.0635781216725,0.0642769042379,0.0648536771491,0.0653971747001,0.0658852133172,0.0662401504934,0.0666061794562,0.0664841698019,0.0665618123092,0.0667170973238,0.0664398026549,0.0664619862284,0.0666283630297,0.0670054837794,0.0677264499184,0.0683697735501,0.0692349329169,0.0698117058281,0.070399570526,0.0714976574146,0.0728397636118,0.0736050968978,0.0739378505005,0.0746255412792,0.0750913963229,0.0753797827784,0.0761229324909,0.0768993575637,0.0770879179385,0.0770102754312,0.0771766522326,0.0778976183715,0.0786629516576,0.0791620820615,0.0795724781714,0.0803710868176,0.0801714346561,0.0809145843686,0.0820459466174,0.0830220238518,0.0837984489245,0.084364130049,0.0849963618939,0.0851627386953,0.0861055405693,0.0865048448925,0.0870372506566,0.0876583907148,0.0883017143466,0.0886566515227,0.0893332505147,0.0898767480656,0.0903758784695,0.0916514339462,0.0922725740044,0.0933484773195,0.0944354724214,0.0955890182438,0.0964874529708,0.097740824874,0.0989609214169,0.100081191879,0.100402853695,0.101190370554,0.102454834244,0.103209075744,0.104340437992,0.105050312345,0.105804553844,0.106226041741,0.10694700788,0.107845442607,0.10991960673,0.111195162206,0.112038138,0.113202775609,0.114356321431,0.115243664371,0.116741055583,0.118970504721,0.119624920139,0.120512263079,0.12061208916,0.121410697806,0.122719528643,0.123983992333,0.125769770001,0.127843934124,0.1291194896,0.129396784269,0.131448764819,0.132214098105,0.134310445801,0.136074039895,0.137238677504,0.138547508341,0.14015581742,0.14135373039,0.142396358345,0.144880918577,0.145879179385,0.147920068148,0.148907237169,0.151036860226,0.152678444665,0.154186927664,0.154730425215,0.156649304323,0.158701284873,0.160664531128,0.162583410236,0.166010772343,0.167264144246,0.168473149003,0.170824607794,0.172610385462,0.174762192092,0.176880723362,0.17920999858,0.180352452616,0.182238056364,0.182903563569,0.186053631007,0.188582558387,0.189957939945,0.193230017037,0.195570384042,0.19653536949,0.198531891105,0.200683697736,0.202857687939,0.204998402783,0.206517977568,0.208004276993,0.21105451835,0.211720025555,0.213472527863,0.215579967346,0.216156740257,0.217875967204,0.220238517782,0.222456875133,0.225362923263,0.227237435224,0.229799637964,0.232128913182,0.233837048342,0.2368872897,0.240469936821,0.242621743451,0.244252236104,0.245350322993,0.247125008873,0.249942322709,0.251262245333,0.254212660609,0.257029974445,0.258338805281,0.261311404131,0.26415090154,0.266313799957,0.26961915241,0.271582398665,0.273390359906,0.276130031234,0.27898062043,0.282663093632,0.286656136864,0.288819035281,0.291747266984,0.295540658054,0.29845779797,0.301596773621,0.305489990772,0.307619613828,0.30997107262,0.312677468588,0.314795999858,0.317923883723,0.32145107191,0.324312752893,0.326775129552,0.329869738056,0.332598317598,0.334960868176,0.33669118691,0.339342123944,0.340850606943,0.342270355647,0.344067225101,0.344566355505,0.346163572798,0.3481711862,