# R script for Peak Model
#  -- generated by MACS
p <- c(0.023528387383,0.0273642817053,0.0312284157403,0.0351913887702,0.0389896301421,0.0390225764737,0.0389049110037,0.0388625514345,0.0386601668261,0.0383965961733,0.0386413403509,0.0388013653901,0.0392155478445,0.0390790558993,0.0392155478445,0.0390084566173,0.0392532007949,0.0391637750377,0.0391120022309,0.0395214780666,0.0392108412257,0.0390461095677,0.0386978197765,0.0387966587713,0.0386648734449,0.0388107786277,0.0386554602073,0.0387354727269,0.0386601668261,0.0384577822177,0.0387354727269,0.0387966587713,0.0386978197765,0.0386413403509,0.0386978197765,0.0387166462517,0.0387919521525,0.0387731256773,0.0386554602073,0.0386554602073,0.0386131006381,0.0384342491237,0.0385001417869,0.0385330881185,0.0385283814997,0.0383683564605,0.0382271578965,0.0381659718521,0.0382506909905,0.0382459843717,0.0381800917085,0.0384907285493,0.0385754476877,0.0384436623613,0.0385048484057,0.0391214154685,0.0390790558993,0.039488531735,0.0396626766306,0.0395732508734,0.0396203170614,0.0394226390718,0.0393991059778,0.039559131017,0.0397662222442,0.0391778948941,0.039559131017,0.0392861471266,0.0394602920222,0.0394932383538,0.0396626766306,0.0398744744766,0.0399780200902,0.0399686068526,0.039770928863,0.0401615782234,0.0401286318918,0.0402839503122,0.0401662848422,0.0402227642678,0.040335723119,0.040147458367,0.0400674458474,0.040147458367,0.0401427517482,0.0400580326098,0.039959193615,0.0399639002338,0.0399639002338,0.040170991461,0.0398462347638,0.0400721524662,0.0400344995158,0.0402745370746,0.040359256213,0.0403451363566,0.0404392687326,0.0404910415394,0.0405098680146,0.0404204422574,0.0406604798163,0.0406040003906,0.0406557731975,0.0406040003906,0.0405428143462,0.0403168966438,0.0405192812522,0.040359256213,0.0403639628318,0.040547520965,0.0406369467223,0.0404910415394,0.0405381077274,0.0406416533411,0.0409428769443,0.0411311416963,0.0409711166571,0.0412911667355,0.0415170844379,0.0416065101951,0.0416018035763,0.0417430021403,0.042034812506,0.0419689198428,0.0420489323624,0.042152477976,0.0420206926496,0.042011279412,0.0417900683283,0.0414511917747,0.0414088322055,0.0415264976755,0.0415123778191,0.0415923903387,0.0414041255867,0.0414229520619,0.0415594440071,0.0415500307695,0.0417241756651,0.0421242382632,0.0423219162528,0.0425337140988,0.0425572471928,0.0423125030152,0.0421854243076,0.0424254618664,0.04241134201,0.042787871514,0.0426843259004,0.0426419663312,0.0424772346732,0.0422795566836,0.0421477713572,0.0426184332372,0.0428302310832,0.0428255244644,0.0427549251824,0.0424866479108,0.0428161112268,0.042905536984,0.0429573097908,0.0430749752608,0.043140867924,0.0429243634592,0.042976136266,0.0431126282112,0.0434656246213,0.0433856121017,0.0430890951172,0.0431738142556,0.0434420915273,0.0436680092297,0.0438233276501,0.0438280342689,0.0441292578721,0.0440304188773,0.0440068857833,0.0440680718277,0.0445622668017,0.0446046263709,0.0445152006137,0.0445716800393,0.0445387337077,0.0443645888121,0.0444822542821,0.0445293204701,0.0445669734205,0.044957622781,0.0448493705486,0.0450894081074,0.0453200324286,0.0454000449482,0.0456259626506,0.0462801826639,0.0460542649615,0.0460495583427,0.0463696084211,0.0461013311495,0.0464543275595,0.0465296334603,0.0465061003663,0.0463837282775,0.0463790216587,0.0463460753271,0.0464025547527,0.0465437533167,0.0463178356143,0.0466755386431,0.0466520055491,0.0464025547527,0.0467602577815,0.0471085475727,0.0470332416719,0.0469955887215,0.0474191844136,0.0477109947792,0.0479463257192,0.0481722434216,0.0480592845704,0.048304028748,0.0480734044268,0.0480122183824,0.048515826594,0.0484499339308,0.0486993847273,0.0488123435785,0.0490665009937,0.0488876494793,0.0489064759545,0.0493018319337,0.0493159517901,0.0496312952497,0.0497583739573,0.050214915981,0.0502478623126,0.0502055027434,0.0504314204458,0.0506573381482,0.0510997603154,0.0510291610334,0.0514151037751,0.0512644919734,0.0511609463598,0.0513303846367,0.0514762898195,0.0521446296891,0.0520646171695,0.0525305724307,0.0528600357468,0.0530247674048,0.0532977512952,0.0536225079924,0.0540555169221,0.0537213469872,0.053914318358,0.0532742182012,0.0536130947548,0.0535236689976,0.053537788854,0.0534107101464,0.0532836314388,0.0536931072744,0.0536978138932,0.0543332074313,0.0545355920397,0.0550627333453,0.0553168907606,0.0552415848597,0.0553733701862,0.055778139403,0.0562393880454,0.0563052807086,0.0565500248862,0.0566629837375,0.0566394506435,0.0568936080587,0.0569830338159,0.0573642699387,0.0578443450563,0.0580279031896,0.0583761929808,0.0585926974456,0.0591339586076,0.0594445954485,0.0597599389081,0.0600658691301,0.0605271177725,0.0606965560494,0.0605694773417,0.060729502381,0.0607106759058,0.0612848833994,0.0612189907362,0.061553160671,0.061835557799,0.0622685667287,0.0624050586739,0.0630169191179,0.0636617258936,0.0642971194316,0.0647913144057,0.0652290299541,0.0657138116905,0.0663350853722,0.0668998796282,0.0673517150331,0.0680482946155,0.0685142498767,0.0689190190936,0.0695779457256,0.0698132766656,0.0699968347989,0.0706369349557,0.0709805181281,0.0712111424493,0.0713476343946,0.0717288705174,0.0717947631806,0.072467809669,0.0725242890946,0.0729949509747,0.0733620672411,0.0738656754527,0.0740680600612,0.0745622550352,0.07501409044,0.0751835287168,0.0759036413933,0.0758471619677,0.0762848775161,0.076924977673,0.0770520563806,0.0772638542266,0.0776121440178,0.0780451529475,0.0786852531043,0.0790100098015,0.0793112334048,0.0800031063684,0.0805584873868,0.0807608719953,0.0817116089929,0.0821634443978,0.0827329452726,0.0830906483014,0.0836836822703,0.0841778772443,0.0846673655996,0.0854486643204,0.0860746446209,0.0870724478065,0.0873030721278,0.0878537465274,0.0882914620758,0.0890351078463,0.0894634101571,0.0902823618284,0.0909224619852,0.0908942222724,0.0912472186825,0.0916519878993,0.0924238733825,0.0926544977038,0.0936805406022,0.0941276693883,0.0945700915555,0.0950125137227,0.0956949734488,0.0965704045457,0.0972152113213,0.0979918034234,0.0990084330842,0.0999732899383,0.100547497432,0.101093465213,0.101648846231,0.102801967837,0.103390295187,0.10408687477,0.104971719104,0.105404728034,0.105913042864,0.106633155541,0.107042631376,0.108082794131,0.109372407683,0.110370210868,0.111688064132,0.112563495229,0.113584831509,0.114902684773,0.115655743781,0.116898291144,0.119039802699,0.120216457399,0.121025995832,0.12095539655,0.121637856276,0.122743911694,0.123802900924,0.124395934893,0.125530230024,0.126400954502,0.126551566304,0.127883539424,0.129215512545,0.131121693159,0.132161855914,0.133658560692,0.134929347769,0.136557837873,0.137833331568,0.138911147274,0.140050149023,0.140878513932,0.142379925329,0.143387141753,0.144728528111,0.145627492302,0.146912399234,0.14794785537,0.149011551219,0.150315284627,0.151393100332,0.153026297056,0.153944087722,0.155478445451,0.156998683323,0.157987073271,0.159027236026,0.161022842398,0.162754878116,0.164091557856,0.166040098039,0.166967301943,0.168313394919,0.169334731199,0.170285468197,0.172012797297,0.173655407258,0.174356693459,0.175641600392,0.177077119126,0.17866795628,0.180390578761,0.181642539362,0.183374575081,0.185779657288,0.18682923328,0.188227099064,0.189648497941,0.191437013086,0.193409086363,0.19491049776,0.195884767852,0.197588563858,0.198840524459,0.199890100451,0.202233996614,0.203725994773,0.205726307763,0.206940615414,0.208277295153,0.209515135898,0.211802552635,0.213266311082,0.215445475586,0.217186924542,0.218500071188,0.220025015679,0.220985165914,0.22265130897,0.224708101385,0.226110673788,0.226971985028,0.229198215721,0.230440763084,0.231386793463,0.233236494652,0.235100315696,0.237406558909,0.239176247578,0.240136397813,0.242230843179,0.244551206248,0.24532779835,0.247488136379,0.249450796419,0.250227388521,0.251968837477,0.253037239945,0.254204481407,0.256190674541,0.25748970133,0.258595756748,0.260930239673,0.26215866718,0.263358854974,0.265340341489,0.266879405836,0.268338457665,0.269661017547,0.270880031817,0.271703690107,0.273167448554,0.274104065695,0.275003029886,