# R script for Peak Model
#  -- generated by MACS
p <- c(0.0207656357366,0.0240341617947,0.0274975999573,0.0309760313587,0.0343944898048,0.0343345168496,0.0343345168496,0.034754327536,0.0348143004912,0.0350391990732,0.0346193883868,0.0342745438944,0.0343195236108,0.0343645033272,0.034229564178,0.0339296994021,0.0337497805365,0.0332699968949,0.0330750847905,0.0329251524025,0.0327752200145,0.0331050712681,0.0327452335369,0.0330301050741,0.0333449630889,0.0340196588348,0.0339296994021,0.0340346520736,0.0338997129245,0.0338397399693,0.034304530372,0.0344394695212,0.0346493748644,0.034229564178,0.0341695912228,0.0341396047452,0.03445446276,0.0343345168496,0.0343495100884,0.0347993072524,0.0347843140136,0.0350092125956,0.0348592802076,0.0346943545808,0.03445446276,0.0343195236108,0.034379496566,0.0342895371332,0.0344244762824,0.0340946250288,0.0337347872977,0.0335548684321,0.0335248819545,0.0341396047452,0.0342145709392,0.0341845844616,0.0336448278649,0.0336598211037,0.03407963179,0.0342595506556,0.0346343816256,0.0347693207748,0.0351141652672,0.0347693207748,0.0348592802076,0.03482929373,0.0350242058344,0.0352640976552,0.0349342464016,0.034904259924,0.0350691855508,0.0345444221928,0.0343345168496,0.0344694559988,0.0343345168496,0.0345594154316,0.0347393342972,0.034754327536,0.0345144357152,0.0343345168496,0.0340646385512,0.0350691855508,0.0348442869688,0.0344994424764,0.034604395148,0.034004665596,0.0337947602529,0.0336748143425,0.034154597984,0.0349192531628,0.0349492396404,0.0346343816256,0.0349642328792,0.0349942193568,0.035054192312,0.0353990368044,0.0357138948191,0.0359687798787,0.0359837731175,0.0354440165207,0.0357288880579,0.0354740029983,0.0356689151027,0.0362836378935,0.0361337055055,0.0363286176099,0.0362686446547,0.0364785499979,0.0369733268782,0.0371082660274,0.0373031781318,0.0374531105198,0.0372581984154,0.036913353923,0.0369283471618,0.036913353923,0.0369733268782,0.0368533809679,0.0370332998334,0.0371982254602,0.0365835026695,0.0362836378935,0.0362686446547,0.0361636919831,0.0363586040875,0.0364035838039,0.0364335702815,0.0366434756247,0.0363286176099,0.0359238001623,0.0362836378935,0.0368533809679,0.0368983606842,0.036913353923,0.0373781443258,0.037438117281,0.0375730564302,0.0373031781318,0.036988320117,0.0376180361466,0.0378279414898,0.0376930023406,0.0377829617734,0.0379029076838,0.037812948251,0.0376780091018,0.0380978197882,0.0376180361466,0.0375280767138,0.0372282119378,0.0368833674455,0.0367034485799,0.0365984959083,0.0363286176099,0.0360737325503,0.0366884553411,0.0361037190279,0.0367334350575,0.0369433404006,0.0370033133558,0.0370482930722,0.037363151087,0.0376480226242,0.0377979550122,0.0378579279674,0.037213218699,0.0374081308034,0.0374081308034,0.0375580631914,0.0373481578482,0.0371532457438,0.037063286311,0.0369583336394,0.0373331646094,0.0371682389826,0.0373331646094,0.0372731916542,0.0373481578482,0.037513083475,0.0384876439969,0.038262745415,0.0379928671166,0.0382477521762,0.0380528400718,0.0383976845641,0.0388174952505,0.0390124073549,0.0387725155341,0.0386525696237,0.0377679685346,0.0387875087729,0.0386375763849,0.0387875087729,0.0393272653697,0.0388324884893,0.0388774682057,0.0385925966685,0.0389524343997,0.0383227183702,0.0385776034297,0.0379928671166,0.0388324884893,0.0388474817281,0.0380828265494,0.0389074546833,0.0387275358177,0.0388025020117,0.0389524343997,0.0399869678768,0.0403767920856,0.04094653516,0.0414263188015,0.0412613931747,0.0416512173835,0.0415012849955,0.0417411768163,0.0420710280699,0.0419510821595,0.0416812038611,0.0416961970999,0.0416812038611,0.0408115960108,0.0407516230556,0.0414862917567,0.0417411768163,0.0416362241447,0.0418461294879,0.0421310010251,0.0422959266519,0.0422959266519,0.0423858860847,0.0430156021142,0.0435403654722,0.0427757102934,0.0428656697262,0.0431505412634,0.042880662965,0.0425957914279,0.0428206900098,0.0428506764874,0.043030595353,0.0432255074574,0.0432105142186,0.0438852099646,0.043780257293,0.0440951153078,0.044080122069,0.0442450476957,0.0443949800837,0.0441850747405,0.0445449124717,0.0443050206509,0.0443649936061,0.0444999327553,0.0449497299193,0.0448897569641,0.0453395541281,0.0459542769188,0.0461042093068,0.0468838577244,0.0465689997096,0.0468838577244,0.0470937630675,0.0472886751719,0.0472736819331,0.0470187968735,0.0473936278435,0.0472137089779,0.0474985805151,0.0474685940375,0.0476335196643,0.0481732762611,0.0485031275146,0.0483981748431,0.0488029922906,0.0494327083202,0.049672600141,0.0501673770213,0.049672600141,0.0496426136634,0.0501523837825,0.0502573364541,0.0501823702601,0.0503173094093,0.0503922756033,0.0505572012301,0.0506621539017,0.0509620186777,0.0518166332892,0.0526862411396,0.0530010991543,0.0523713831248,0.0530760653483,0.054365483885,0.0543954703626,0.0544854297954,0.0550551728698,0.0551301390638,0.055040179631,0.0551301390638,0.0554599903174,0.0568693547645,0.0572141992568,0.0573941181224,0.058248732734,0.0586085704651,0.0588184758083,0.0593282459275,0.0602878132106,0.0608425630462,0.0617721438517,0.0617421573741,0.0617121708965,0.0619220762397,0.0626117652245,0.0635713325076,0.063916177,0.0644109538803,0.0644409403579,0.0649207239995,0.0648607510443,0.0651606158203,0.0662101425362,0.066300101969,0.0660452169094,0.0657303588947,0.066375068163,0.066974797715,0.0676494934609,0.0677844326101,0.0680842973861,0.0691488173408,0.0693737159228,0.0702733102507,0.0709779924743,0.0718026206082,0.0723273839662,0.072792174369,0.0734068971597,0.0743214847265,0.0749212142784,0.0748462480844,0.075475964114,0.0758208086064,0.0764955043523,0.0774250851578,0.0785195915902,0.0784146389186,0.0786245442618,0.0781747470978,0.0790743414257,0.0799139627985,0.0803637599624,0.080843543604,0.0817731244095,0.0817281446932,0.081668171738,0.0832124753342,0.0839621372742,0.0850716369453,0.0851466031393,0.0860312042285,0.0863910419596,0.0870507444668,0.0873056295264,0.0881602441379,0.0888799196003,0.0894496626746,0.0907090947337,0.0920884727032,0.0930480399864,0.0940076072695,0.0950721272242,0.0960316945074,0.0973660927605,0.0987154842524,0.0999749163115,0.100544659386,0.101054429505,0.101669152296,0.103003550549,0.103408367996,0.104667800056,0.105387475518,0.105777299727,0.10648198195,0.106616921099,0.108146231457,0.109180764934,0.110080359262,0.111159872456,0.112419304515,0.112494270709,0.113513810947,0.115058114543,0.116377519558,0.118296654124,0.119046316064,0.120200795451,0.120980443869,0.122329835361,0.123394355315,0.12558336818,0.127292597403,0.128072245821,0.129016819865,0.130096333059,0.131415738073,0.132390298595,0.134024561624,0.134669270892,0.13582375028,0.13744302007,0.138327621159,0.140081830099,0.141281289203,0.142720640127,0.143875119515,0.145989166186,0.147818341319,0.150157286572,0.152571198018,0.154580292017,0.156439453628,0.158193662568,0.159483081105,0.161522161581,0.163501269103,0.164445843147,0.166769795161,0.168194152847,0.170368172473,0.171447685666,0.17302197574,0.173741651202,0.177085143455,0.17850950114,0.180428635707,0.183157405168,0.184446823705,0.18612606645,0.187010667539,0.18949954518,0.191298733836,0.193817597954,0.194522280178,0.197206069923,0.198765366758,0.201014352578,0.202318764353,0.203953027382,0.205917141665,0.207266533157,0.210669998364,0.213578686691,0.216292462914,0.218931272942,0.221345184389,0.222274765195,0.225303399432,0.228377013386,0.230985836937,0.232874985026,0.235303889711,0.237282997232,0.240161699082,0.241691009439,0.24417988708,0.246788710631,0.249112662645,0.251241702554,0.253325762747,0.256054532209,0.257973666775,0.260702436236,0.262636564041,0.265860110383,0.267764251711,0.270313102307,0.271572534366,0.274316297066,0.276850154423,0.280688423555,0.283102335002,0.286430834015,0.288424934776,0.290419035536,0.292952892893,0.295876574459,0.300434519054,0.303733031589,0.307511327767,0.308260989707,0.311229650989,0.312624022197,0.316222399509,0.318756256866,0.32194981673,0.324843511818,0.32569812643,0.32769222719,0.329401456413,0.3315604828,0.332160212352,0.333104786397,0.333764488904,0.333614556516,0.333854448337,